Year	Ticker	Low	High	Difference
1962	IBM	355.0	397.0	42.0
1963	IBM	434.5	448.0	13.5
1964	IBM	547.0	567.0	20.0
1965	IBM	447.5	461.0	13.5
1966	IBM	289.5	310.0	20.5
1967	IBM	514.0	541.0	27.0
1968	IBM	566.0	590.0	24.0
1969	IBM	348.0	364.5	16.5
1970	IBM	369.0	387.0	18.0
1971	DIS	107.0	121.87	14.87
1972	IBM	362.25	380.0	17.75
1973	IBM	422.0	444.0	22.0
1974	IBM	183.25	200.0	16.75
1975	IBM	157.5	170.0	12.5
1976	IBM	261.25	270.75	9.5
1977	IBM	269.0	278.0	9.0
1978	IBM	295.25	310.0	14.75
1979	DD	131.5	144.0	12.5
1980	BRK_A	255.0	275.0	20.0
1981	BRK_A	540.0	560.0	20.0
1982	BRK_A	540.0	560.0	20.0
1983	BRK_A	1240.0	1270.0	30.0
1984	BRK_A	1225.0	1255.0	30.0
1985	BRK_A	1885.0	1935.0	50.0
1986	BRK_A	2905.0	2965.0	60.0
1987	BRK_A	3395.0	3450.0	55.0
1988	BRK_A	3625.0	3800.0	175.0
1989	BRK_A	8300.0	8725.0	425.0
1990	BRK_A	7425.0	7845.0	420.0
1991	BRK_A	8350.0	9000.0	650.0
1992	BRK_A	10200.0	10700.0	500.0
1993	BRK_A	11850.0	12600.0	750.0
1994	BRK_A	18600.0	19600.0	1000.0
1995	BRK_A	30200.0	31600.0	1400.0
1996	BRK_A	33100.0	36000.0	2900.0
1997	BRK_A	45500.0	48100.0	2600.0
1998	CVC	73.25	7828.0	7754.75
1999	BRK_A	71300.0	78500.0	7200.0
2000	BRK_A	54000.0	59300.0	5300.0
2001	BRK_A	59000.0	63200.0	4200.0
2002	BRK_A	64700.0	69000.0	4300.0
2003	BRK_A	65403.0	68500.0	3097.0
2004	BRK_A	86000.0	90800.0	4800.0
2005	BRK_A	85800.0	89900.0	4100.0
2006	BRK_A	109800.0	113700.0	3900.0
2007	BRK_A	140800.0	150300.0	9500.0
2008	BRK_A	127901.0	147000.0	19099.0
2009	BRK_A	73210.0	84844.0	11634.0
2010	BRK_A	122546.0	140711.0	18165.0
2011	BRK_A	101000.0	109271.0	8271.0
2012	BRK_A	123418.0	127903.0	4485.0
2013	BRK_A	148215.0	153010.0	4795.0
2014	BRK_A	215500.0	222980.0	7480.0
2015	BRK_A	190007.0	201419.99	11412.99
2016	BRK_A	209641.0	215950.0	6309.0
